0.6428571428571429	0.7142857142857143	0.6785714285714286	0.6428571428571429	0.6428571428571429	nof_Fragments,nof_RotB
0.75	0.8214285714285714	0.6785714285714286	0.6428571428571429	0.5714285714285714	nof_Fragments,negCharge/Volume
0.6428571428571429	0.75	0.5357142857142857	0.6428571428571429	0.6071428571428571	nof_Fragments,posCharge/Volume
0.6785714285714286	0.75	0.6071428571428571	0.6071428571428571	0.5714285714285714	nof_Fragments,C_sp3
0.7142857142857143	0.7142857142857143	0.75	0.75	0.5357142857142857	nof_Fragments,C_R0
0.75	0.7857142857142857	0.7142857142857143	0.6428571428571429	0.5714285714285714	nof_Fragments,C_R1
0.5714285714285714	0.7142857142857143	0.5357142857142857	0.6785714285714286	0.6071428571428571	nof_Fragments,C_R2
0.7142857142857143	0.75	0.6785714285714286	0.6785714285714286	0.6428571428571429	nof_Fragments,a_heavy
0.6785714285714286	0.6428571428571429	0.7142857142857143	0.6785714285714286	0.6428571428571429	nof_Fragments,nof_negCharge
0.6071428571428571	0.7142857142857143	0.6071428571428571	0.6428571428571429	0.6071428571428571	nof_Fragments,nof_posCharge
0.8214285714285714	0.8214285714285714	0.6428571428571429	0.6785714285714286	0.75	nof_Fragments,Complexity
0.75	0.6785714285714286	0.7142857142857143	0.6785714285714286	0.6428571428571429	nof_Fragments,nof_Rings
0.6071428571428571	0.7142857142857143	0.6071428571428571	0.6785714285714286	0.6428571428571429	nof_Fragments,molCharge_total
0.6071428571428571	0.7857142857142857	0.6785714285714286	0.6785714285714286	0.6071428571428571	nof_Fragments,nof_HBD
0.5714285714285714	0.8214285714285714	0.75	0.7142857142857143	0.6428571428571429	nof_Fragments,nof_HBA
0.5714285714285714	0.7857142857142857	0.6785714285714286	0.6428571428571429	0.5714285714285714	nof_Fragments,nof_Chirals
0.6071428571428571	0.6071428571428571	0.6785714285714286	0.6428571428571429	0.6071428571428571	nof_Fragments,nof_Atoms
0.7857142857142857	0.8214285714285714	0.6785714285714286	0.6785714285714286	0.6428571428571429	nof_Fragments,PSA/Area
0.6785714285714286	0.6785714285714286	0.7142857142857143	0.6071428571428571	0.7857142857142857	nof_Fragments,molArea
0.6071428571428571	0.7857142857142857	0.7142857142857143	0.75	0.6785714285714286	nof_Fragments,molPSA
0.7142857142857143	0.75	0.7142857142857143	0.6428571428571429	0.5714285714285714	nof_Fragments,molLogS
0.7142857142857143	0.8214285714285714	0.6785714285714286	0.6785714285714286	0.6428571428571429	nof_Fragments,molLogP
0.6428571428571429	0.6428571428571429	0.6785714285714286	0.5714285714285714	0.7142857142857143	nof_Fragments,molVolume
0.6071428571428571	0.7142857142857143	0.6785714285714286	0.6785714285714286	0.6428571428571429	nof_Fragments,molWeight
0.75	0.8571428571428571	0.5357142857142857	0.6428571428571429	0.5714285714285714	nof_RotB,negCharge/Volume
0.7142857142857143	0.75	0.5357142857142857	0.6428571428571429	0.6071428571428571	nof_RotB,posCharge/Volume
0.6071428571428571	0.75	0.5714285714285714	0.5714285714285714	0.5714285714285714	nof_RotB,C_sp3
0.7142857142857143	0.8214285714285714	0.6071428571428571	0.6071428571428571	0.8214285714285714	nof_RotB,C_R0
0.6428571428571429	0.8214285714285714	0.5714285714285714	0.6428571428571429	0.7142857142857143	nof_RotB,C_R1
0.6785714285714286	0.75	0.5357142857142857	0.6428571428571429	0.5357142857142857	nof_RotB,C_R2
0.6428571428571429	0.6785714285714286	0.6428571428571429	0.6428571428571429	0.5714285714285714	nof_RotB,a_heavy
0.6428571428571429	0.7142857142857143	0.6071428571428571	0.6785714285714286	0.6071428571428571	nof_RotB,nof_negCharge
0.6071428571428571	0.7142857142857143	0.5714285714285714	0.6071428571428571	0.6071428571428571	nof_RotB,nof_posCharge
0.7857142857142857	0.7142857142857143	0.6071428571428571	0.6785714285714286	0.75	nof_RotB,Complexity
0.6785714285714286	0.75	0.5	0.6428571428571429	0.5714285714285714	nof_RotB,nof_Rings
0.6428571428571429	0.6785714285714286	0.5	0.6785714285714286	0.6071428571428571	nof_RotB,molCharge_total
0.6428571428571429	0.6785714285714286	0.6428571428571429	0.75	0.5357142857142857	nof_RotB,nof_HBD
0.6428571428571429	0.8571428571428571	0.6071428571428571	0.7142857142857143	0.6071428571428571	nof_RotB,nof_HBA
0.5714285714285714	0.7142857142857143	0.4642857142857143	0.5357142857142857	0.5357142857142857	nof_RotB,nof_Chirals
0.6428571428571429	0.7142857142857143	0.6785714285714286	0.6428571428571429	0.6428571428571429	nof_RotB,nof_Atoms
0.5357142857142857	0.8214285714285714	0.6785714285714286	0.7142857142857143	0.5357142857142857	nof_RotB,PSA/Area
0.6428571428571429	0.7857142857142857	0.6785714285714286	0.7142857142857143	0.7857142857142857	nof_RotB,molArea
0.6785714285714286	0.8928571428571429	0.6428571428571429	0.6785714285714286	0.5714285714285714	nof_RotB,molPSA
0.75	0.8214285714285714	0.6785714285714286	0.6785714285714286	0.6071428571428571	nof_RotB,molLogS
0.7857142857142857	0.8571428571428571	0.7142857142857143	0.6785714285714286	0.7142857142857143	nof_RotB,molLogP
0.6428571428571429	0.7857142857142857	0.6428571428571429	0.75	0.7142857142857143	nof_RotB,molVolume
0.5714285714285714	0.6785714285714286	0.6428571428571429	0.6428571428571429	0.6428571428571429	nof_RotB,molWeight
0.6785714285714286	0.75	0.5357142857142857	0.6071428571428571	0.5357142857142857	negCharge/Volume,posCharge/Volume
0.6785714285714286	0.7857142857142857	0.5357142857142857	0.6071428571428571	0.6071428571428571	negCharge/Volume,C_sp3
0.7142857142857143	0.75	0.6071428571428571	0.6785714285714286	0.6785714285714286	negCharge/Volume,C_R0
0.6428571428571429	0.6785714285714286	0.5357142857142857	0.5	0.5357142857142857	negCharge/Volume,C_R1
0.6071428571428571	0.75	0.5	0.5357142857142857	0.6785714285714286	negCharge/Volume,C_R2
0.7857142857142857	0.8928571428571429	0.5357142857142857	0.6785714285714286	0.5	negCharge/Volume,a_heavy
0.5714285714285714	0.7857142857142857	0.5	0.5357142857142857	0.5714285714285714	negCharge/Volume,nof_negCharge
0.5714285714285714	0.7142857142857143	0.5714285714285714	0.4642857142857143	0.5357142857142857	negCharge/Volume,nof_posCharge
0.8214285714285714	0.7857142857142857	0.5714285714285714	0.6428571428571429	0.75	negCharge/Volume,Complexity
0.75	0.8214285714285714	0.5357142857142857	0.6071428571428571	0.5714285714285714	negCharge/Volume,nof_Rings
0.5714285714285714	0.7857142857142857	0.5357142857142857	0.5	0.6428571428571429	negCharge/Volume,molCharge_total
0.6428571428571429	0.75	0.6428571428571429	0.25	0.7857142857142857	negCharge/Volume,nof_HBD
0.6071428571428571	0.6428571428571429	0.5714285714285714	0.5357142857142857	0.6785714285714286	negCharge/Volume,nof_HBA
0.75	0.75	0.4642857142857143	0.39285714285714285	0.5357142857142857	negCharge/Volume,nof_Chirals
0.75	0.8214285714285714	0.6785714285714286	0.6428571428571429	0.5714285714285714	negCharge/Volume,nof_Atoms
0.75	0.8214285714285714	0.6428571428571429	0.75	0.7142857142857143	negCharge/Volume,PSA/Area
0.75	0.8928571428571429	0.5357142857142857	0.7142857142857143	0.7857142857142857	negCharge/Volume,molArea
0.7142857142857143	0.7857142857142857	0.5714285714285714	0.5714285714285714	0.5357142857142857	negCharge/Volume,molPSA
0.75	0.8571428571428571	0.6071428571428571	0.6428571428571429	0.6428571428571429	negCharge/Volume,molLogS
0.75	0.8571428571428571	0.6785714285714286	0.6785714285714286	0.6428571428571429	negCharge/Volume,molLogP
0.7142857142857143	0.8571428571428571	0.6785714285714286	0.6785714285714286	0.7142857142857143	negCharge/Volume,molVolume
0.6428571428571429	0.9285714285714286	0.5714285714285714	0.6785714285714286	0.6428571428571429	negCharge/Volume,molWeight
0.7142857142857143	0.6785714285714286	0.5714285714285714	0.6071428571428571	0.6428571428571429	posCharge/Volume,C_sp3
0.75	0.6785714285714286	0.6071428571428571	0.6428571428571429	0.6428571428571429	posCharge/Volume,C_R0
0.6428571428571429	0.6428571428571429	0.5357142857142857	0.4642857142857143	0.5357142857142857	posCharge/Volume,C_R1
0.6071428571428571	0.6071428571428571	0.5357142857142857	0.5357142857142857	0.6071428571428571	posCharge/Volume,C_R2
0.6071428571428571	0.7857142857142857	0.5357142857142857	0.6785714285714286	0.5	posCharge/Volume,a_heavy
0.6071428571428571	0.6071428571428571	0.5357142857142857	0.5357142857142857	0.5714285714285714	posCharge/Volume,nof_negCharge
0.6071428571428571	0.6071428571428571	0.5714285714285714	0.4642857142857143	0.5357142857142857	posCharge/Volume,nof_posCharge
0.6071428571428571	0.6071428571428571	0.6071428571428571	0.6428571428571429	0.75	posCharge/Volume,Complexity
0.7142857142857143	0.75	0.5357142857142857	0.6071428571428571	0.5357142857142857	posCharge/Volume,nof_Rings
0.6071428571428571	0.6071428571428571	0.5357142857142857	0.5	0.5714285714285714	posCharge/Volume,molCharge_total
0.6071428571428571	0.6428571428571429	0.5357142857142857	0.25	0.5714285714285714	posCharge/Volume,nof_HBD
0.6428571428571429	0.6071428571428571	0.5357142857142857	0.5357142857142857	0.6428571428571429	posCharge/Volume,nof_HBA
0.6071428571428571	0.5357142857142857	0.5357142857142857	0.39285714285714285	0.5357142857142857	posCharge/Volume,nof_Chirals
0.6428571428571429	0.75	0.5357142857142857	0.6428571428571429	0.6071428571428571	posCharge/Volume,nof_Atoms
0.6071428571428571	0.75	0.5357142857142857	0.75	0.7857142857142857	posCharge/Volume,PSA/Area
0.6428571428571429	0.75	0.5714285714285714	0.7142857142857143	0.7857142857142857	posCharge/Volume,molArea
0.7142857142857143	0.8214285714285714	0.5714285714285714	0.5714285714285714	0.5357142857142857	posCharge/Volume,molPSA
0.7857142857142857	0.8928571428571429	0.5357142857142857	0.6428571428571429	0.6428571428571429	posCharge/Volume,molLogS
0.75	0.8928571428571429	0.5357142857142857	0.6785714285714286	0.6428571428571429	posCharge/Volume,molLogP
0.6428571428571429	0.75	0.5714285714285714	0.6785714285714286	0.7142857142857143	posCharge/Volume,molVolume
0.6428571428571429	0.7142857142857143	0.6071428571428571	0.6785714285714286	0.6428571428571429	posCharge/Volume,molWeight
0.6071428571428571	0.75	0.6071428571428571	0.6071428571428571	0.6785714285714286	C_sp3,C_R0
0.6428571428571429	0.6428571428571429	0.5714285714285714	0.5714285714285714	0.6428571428571429	C_sp3,C_R1
0.6428571428571429	0.6428571428571429	0.5714285714285714	0.5714285714285714	0.6428571428571429	C_sp3,C_R2
0.6785714285714286	0.6785714285714286	0.6428571428571429	0.6071428571428571	0.6428571428571429	C_sp3,a_heavy
0.6428571428571429	0.6071428571428571	0.6428571428571429	0.5357142857142857	0.5714285714285714	C_sp3,nof_negCharge
0.6428571428571429	0.5357142857142857	0.6428571428571429	0.6071428571428571	0.6428571428571429	C_sp3,nof_posCharge
0.75	0.75	0.6428571428571429	0.5714285714285714	0.75	C_sp3,Complexity
0.6071428571428571	0.6428571428571429	0.6071428571428571	0.6071428571428571	0.6428571428571429	C_sp3,nof_Rings
0.6428571428571429	0.6071428571428571	0.5714285714285714	0.5714285714285714	0.5714285714285714	C_sp3,molCharge_total
0.7142857142857143	0.6785714285714286	0.6071428571428571	0.5714285714285714	0.6428571428571429	C_sp3,nof_HBD
0.6785714285714286	0.75	0.6428571428571429	0.5357142857142857	0.6071428571428571	C_sp3,nof_HBA
0.6071428571428571	0.7142857142857143	0.5714285714285714	0.6071428571428571	0.6785714285714286	C_sp3,nof_Chirals
0.6428571428571429	0.75	0.6071428571428571	0.6071428571428571	0.5714285714285714	C_sp3,nof_Atoms
0.6071428571428571	0.75	0.6071428571428571	0.5714285714285714	0.6071428571428571	C_sp3,PSA/Area
0.6428571428571429	0.75	0.6071428571428571	0.5714285714285714	0.7857142857142857	C_sp3,molArea
0.6428571428571429	0.75	0.6071428571428571	0.6428571428571429	0.6071428571428571	C_sp3,molPSA
0.6428571428571429	0.8214285714285714	0.6071428571428571	0.6071428571428571	0.6785714285714286	C_sp3,molLogS
0.5714285714285714	0.8214285714285714	0.5714285714285714	0.6428571428571429	0.6428571428571429	C_sp3,molLogP
0.75	0.75	0.6428571428571429	0.5714285714285714	0.7142857142857143	C_sp3,molVolume
0.5714285714285714	0.75	0.6785714285714286	0.6071428571428571	0.6428571428571429	C_sp3,molWeight
0.6785714285714286	0.75	0.6428571428571429	0.6785714285714286	0.7142857142857143	C_R0,C_R1
0.75	0.6785714285714286	0.6785714285714286	0.6428571428571429	0.6071428571428571	C_R0,C_R2
0.6785714285714286	0.8571428571428571	0.6428571428571429	0.5714285714285714	0.6071428571428571	C_R0,a_heavy
0.6428571428571429	0.6785714285714286	0.6428571428571429	0.6785714285714286	0.6428571428571429	C_R0,nof_negCharge
0.6428571428571429	0.6785714285714286	0.6428571428571429	0.6428571428571429	0.6428571428571429	C_R0,nof_posCharge
0.7857142857142857	0.8214285714285714	0.6428571428571429	0.6071428571428571	0.75	C_R0,Complexity
0.75	0.7857142857142857	0.6428571428571429	0.5714285714285714	0.7857142857142857	C_R0,nof_Rings
0.6428571428571429	0.7142857142857143	0.6071428571428571	0.6785714285714286	0.6428571428571429	C_R0,molCharge_total
0.6071428571428571	0.75	0.6428571428571429	0.7142857142857143	0.6428571428571429	C_R0,nof_HBD
0.7142857142857143	0.7142857142857143	0.6785714285714286	0.7142857142857143	0.6428571428571429	C_R0,nof_HBA
0.6071428571428571	0.6428571428571429	0.6071428571428571	0.5714285714285714	0.6785714285714286	C_R0,nof_Chirals
0.7142857142857143	0.7142857142857143	0.75	0.75	0.5357142857142857	C_R0,nof_Atoms
0.75	0.75	0.6785714285714286	0.6785714285714286	0.6428571428571429	C_R0,PSA/Area
0.6785714285714286	0.8214285714285714	0.7142857142857143	0.5714285714285714	0.7857142857142857	C_R0,molArea
0.6428571428571429	0.7857142857142857	0.6071428571428571	0.6428571428571429	0.5714285714285714	C_R0,molPSA
0.6785714285714286	0.75	0.6428571428571429	0.7142857142857143	0.6785714285714286	C_R0,molLogS
0.75	0.8214285714285714	0.6785714285714286	0.7142857142857143	0.6071428571428571	C_R0,molLogP
0.6428571428571429	0.8214285714285714	0.75	0.5714285714285714	0.7142857142857143	C_R0,molVolume
0.6071428571428571	0.8214285714285714	0.6428571428571429	0.5714285714285714	0.6428571428571429	C_R0,molWeight
0.5714285714285714	0.5357142857142857	0.5357142857142857	0.5357142857142857	0.5357142857142857	C_R1,C_R2
0.7857142857142857	0.8571428571428571	0.5	0.4642857142857143	0.5357142857142857	C_R1,a_heavy
0.5714285714285714	0.6071428571428571	0.5	0.4642857142857143	0.5714285714285714	C_R1,nof_negCharge
0.5714285714285714	0.5357142857142857	0.5	0.5357142857142857	0.5714285714285714	C_R1,nof_posCharge
0.7857142857142857	0.8214285714285714	0.7142857142857143	0.5	0.75	C_R1,Complexity
0.5	0.6428571428571429	0.5	0.5	0.5714285714285714	C_R1,nof_Rings
0.5714285714285714	0.6428571428571429	0.5357142857142857	0.5	0.5357142857142857	C_R1,molCharge_total
0.5	0.5714285714285714	0.6071428571428571	0.5	0.5357142857142857	C_R1,nof_HBD
0.6428571428571429	0.6428571428571429	0.5357142857142857	0.5714285714285714	0.6071428571428571	C_R1,nof_HBA
0.5357142857142857	0.6071428571428571	0.5	0.39285714285714285	0.5714285714285714	C_R1,nof_Chirals
0.75	0.75	0.7142857142857143	0.6428571428571429	0.5714285714285714	C_R1,nof_Atoms
0.75	0.75	0.7142857142857143	0.5	0.7142857142857143	C_R1,PSA/Area
0.7142857142857143	0.8214285714285714	0.7142857142857143	0.6428571428571429	0.7857142857142857	C_R1,molArea
0.6428571428571429	0.7857142857142857	0.5357142857142857	0.6071428571428571	0.5714285714285714	C_R1,molPSA
0.75	0.75	0.7142857142857143	0.7142857142857143	0.6785714285714286	C_R1,molLogS
0.7142857142857143	0.8928571428571429	0.7142857142857143	0.6785714285714286	0.5714285714285714	C_R1,molLogP
0.75	0.7857142857142857	0.7142857142857143	0.6428571428571429	0.7142857142857143	C_R1,molVolume
0.6071428571428571	0.8571428571428571	0.5714285714285714	0.5	0.6428571428571429	C_R1,molWeight
0.6071428571428571	0.7857142857142857	0.5357142857142857	0.5357142857142857	0.5	C_R2,a_heavy
0.5357142857142857	0.5357142857142857	0.5357142857142857	0.5357142857142857	0.5	C_R2,nof_negCharge
0.5357142857142857	0.5357142857142857	0.5357142857142857	0.5357142857142857	0.5357142857142857	C_R2,nof_posCharge
0.5714285714285714	0.6071428571428571	0.5357142857142857	0.5357142857142857	0.75	C_R2,Complexity
0.5357142857142857	0.7142857142857143	0.5357142857142857	0.5357142857142857	0.5357142857142857	C_R2,nof_Rings
0.5357142857142857	0.5357142857142857	0.5357142857142857	0.6071428571428571	0.5357142857142857	C_R2,molCharge_total
0.7142857142857143	0.8214285714285714	0.5714285714285714	0.5357142857142857	0.5357142857142857	C_R2,nof_HBD
0.5714285714285714	0.6071428571428571	0.5357142857142857	0.5714285714285714	0.5714285714285714	C_R2,nof_HBA
0.5357142857142857	0.5357142857142857	0.5357142857142857	0.5357142857142857	0.5357142857142857	C_R2,nof_Chirals
0.5714285714285714	0.75	0.5357142857142857	0.6785714285714286	0.6071428571428571	C_R2,nof_Atoms
0.6071428571428571	0.75	0.5357142857142857	0.5357142857142857	0.7857142857142857	C_R2,PSA/Area
0.6428571428571429	0.7142857142857143	0.5357142857142857	0.5714285714285714	0.7857142857142857	C_R2,molArea
0.6071428571428571	0.8214285714285714	0.5357142857142857	0.5357142857142857	0.5357142857142857	C_R2,molPSA
0.6785714285714286	0.8928571428571429	0.5357142857142857	0.7142857142857143	0.6428571428571429	C_R2,molLogS
0.75	0.8928571428571429	0.5357142857142857	0.6785714285714286	0.6785714285714286	C_R2,molLogP
0.6428571428571429	0.7142857142857143	0.5357142857142857	0.5357142857142857	0.7142857142857143	C_R2,molVolume
0.6071428571428571	0.7142857142857143	0.5357142857142857	0.5357142857142857	0.6428571428571429	C_R2,molWeight
0.6428571428571429	0.6785714285714286	0.6428571428571429	0.6071428571428571	0.5714285714285714	a_heavy,nof_negCharge
0.6071428571428571	0.75	0.6785714285714286	0.6428571428571429	0.5714285714285714	a_heavy,nof_posCharge
0.7857142857142857	0.75	0.6785714285714286	0.6071428571428571	0.75	a_heavy,Complexity
0.6071428571428571	0.6785714285714286	0.6428571428571429	0.6785714285714286	0.5357142857142857	a_heavy,nof_Rings
0.6428571428571429	0.6428571428571429	0.6785714285714286	0.6785714285714286	0.6071428571428571	a_heavy,molCharge_total
0.6428571428571429	0.7142857142857143	0.7142857142857143	0.6785714285714286	0.6785714285714286	a_heavy,nof_HBD
0.7857142857142857	0.8928571428571429	0.7142857142857143	0.75	0.75	a_heavy,nof_HBA
0.6071428571428571	0.7142857142857143	0.5	0.39285714285714285	0.75	a_heavy,nof_Chirals
0.7142857142857143	0.75	0.6785714285714286	0.6785714285714286	0.6428571428571429	a_heavy,nof_Atoms
0.75	0.7142857142857143	0.6428571428571429	0.6785714285714286	0.6785714285714286	a_heavy,PSA/Area
0.7142857142857143	0.8214285714285714	0.7142857142857143	0.6428571428571429	0.7857142857142857	a_heavy,molArea
0.6071428571428571	0.75	0.7857142857142857	0.75	0.6071428571428571	a_heavy,molPSA
0.6785714285714286	0.7142857142857143	0.75	0.7142857142857143	0.7142857142857143	a_heavy,molLogS
0.75	0.8214285714285714	0.6785714285714286	0.7142857142857143	0.75	a_heavy,molLogP
0.6071428571428571	0.6785714285714286	0.7142857142857143	0.5714285714285714	0.7142857142857143	a_heavy,molVolume
0.6071428571428571	0.7142857142857143	0.75	0.6428571428571429	0.6428571428571429	a_heavy,molWeight
0.42857142857142855	0.39285714285714285	0.4642857142857143	0.4642857142857143	0.5	nof_negCharge,nof_posCharge
0.7857142857142857	0.6071428571428571	0.7142857142857143	0.6428571428571429	0.75	nof_negCharge,Complexity
0.6071428571428571	0.5357142857142857	0.5	0.6071428571428571	0.5	nof_negCharge,nof_Rings
0.42857142857142855	0.42857142857142855	0.5714285714285714	0.4642857142857143	0.5	nof_negCharge,molCharge_total
0.6428571428571429	0.6428571428571429	0.5	0.32142857142857145	0.6071428571428571	nof_negCharge,nof_HBD
0.6785714285714286	0.6785714285714286	0.5357142857142857	0.5357142857142857	0.7142857142857143	nof_negCharge,nof_HBA
0.5357142857142857	0.4642857142857143	0.5	0.39285714285714285	0.5357142857142857	nof_negCharge,nof_Chirals
0.6785714285714286	0.6785714285714286	0.7142857142857143	0.6785714285714286	0.6428571428571429	nof_negCharge,nof_Atoms
0.8214285714285714	0.7857142857142857	0.75	0.75	0.6785714285714286	nof_negCharge,PSA/Area
0.6428571428571429	0.7857142857142857	0.7142857142857143	0.6785714285714286	0.7857142857142857	nof_negCharge,molArea
0.6428571428571429	0.8928571428571429	0.6071428571428571	0.6428571428571429	0.5357142857142857	nof_negCharge,molPSA
0.6428571428571429	0.8928571428571429	0.6071428571428571	0.6071428571428571	0.6071428571428571	nof_negCharge,molLogS
0.75	0.8571428571428571	0.6785714285714286	0.6785714285714286	0.7142857142857143	nof_negCharge,molLogP
0.6428571428571429	0.7857142857142857	0.6785714285714286	0.6785714285714286	0.7142857142857143	nof_negCharge,molVolume
0.5714285714285714	0.75	0.6785714285714286	0.6071428571428571	0.6428571428571429	nof_negCharge,molWeight
0.7857142857142857	0.7857142857142857	0.6071428571428571	0.5714285714285714	0.75	nof_posCharge,Complexity
0.6071428571428571	0.5714285714285714	0.39285714285714285	0.6071428571428571	0.5714285714285714	nof_posCharge,nof_Rings
0.42857142857142855	0.39285714285714285	0.4642857142857143	0.4642857142857143	0.5	nof_posCharge,molCharge_total
0.6785714285714286	0.7142857142857143	0.35714285714285715	0.32142857142857145	0.5357142857142857	nof_posCharge,nof_HBD
0.6785714285714286	0.6071428571428571	0.4642857142857143	0.4642857142857143	0.6428571428571429	nof_posCharge,nof_HBA
0.5	0.42857142857142855	0.5	0.42857142857142855	0.5	nof_posCharge,nof_Chirals
0.6071428571428571	0.7142857142857143	0.6071428571428571	0.6428571428571429	0.6071428571428571	nof_posCharge,nof_Atoms
0.6428571428571429	0.8214285714285714	0.6785714285714286	0.7142857142857143	0.75	nof_posCharge,PSA/Area
0.6428571428571429	0.7857142857142857	0.6428571428571429	0.75	0.7857142857142857	nof_posCharge,molArea
0.6071428571428571	0.8928571428571429	0.4642857142857143	0.5	0.5357142857142857	nof_posCharge,molPSA
0.6428571428571429	0.75	0.6428571428571429	0.6428571428571429	0.6071428571428571	nof_posCharge,molLogS
0.75	0.9285714285714286	0.6428571428571429	0.6785714285714286	0.6785714285714286	nof_posCharge,molLogP
0.6428571428571429	0.7142857142857143	0.6785714285714286	0.6785714285714286	0.7142857142857143	nof_posCharge,molVolume
0.6071428571428571	0.7142857142857143	0.6071428571428571	0.6428571428571429	0.6428571428571429	nof_posCharge,molWeight
0.7142857142857143	0.75	0.6071428571428571	0.6785714285714286	0.75	Complexity,nof_Rings
0.6785714285714286	0.7142857142857143	0.6428571428571429	0.6428571428571429	0.75	Complexity,molCharge_total
0.75	0.8571428571428571	0.7142857142857143	0.6428571428571429	0.75	Complexity,nof_HBD
0.8571428571428571	0.8928571428571429	0.6428571428571429	0.6785714285714286	0.75	Complexity,nof_HBA
0.5357142857142857	0.6071428571428571	0.5	0.39285714285714285	0.75	Complexity,nof_Chirals
0.8214285714285714	0.7857142857142857	0.6428571428571429	0.6785714285714286	0.75	Complexity,nof_Atoms
0.6071428571428571	0.8571428571428571	0.7142857142857143	0.6785714285714286	0.75	Complexity,PSA/Area
0.8571428571428571	0.8214285714285714	0.6428571428571429	0.6785714285714286	0.7857142857142857	Complexity,molArea
0.5357142857142857	0.75	0.6785714285714286	0.7142857142857143	0.8214285714285714	Complexity,molPSA
0.75	0.8214285714285714	0.75	0.7142857142857143	0.75	Complexity,molLogS
0.6428571428571429	0.8571428571428571	0.7142857142857143	0.7142857142857143	0.75	Complexity,molLogP
0.6428571428571429	0.6428571428571429	0.6428571428571429	0.7857142857142857	0.7857142857142857	Complexity,molVolume
0.6428571428571429	0.7142857142857143	0.7142857142857143	0.6785714285714286	0.7857142857142857	Complexity,molWeight
0.5357142857142857	0.5714285714285714	0.4642857142857143	0.6071428571428571	0.4642857142857143	nof_Rings,molCharge_total
0.6071428571428571	0.6785714285714286	0.5	0.6071428571428571	0.6785714285714286	nof_Rings,nof_HBD
0.75	0.8214285714285714	0.5	0.6785714285714286	0.6785714285714286	nof_Rings,nof_HBA
0.5357142857142857	0.6785714285714286	0.5	0.39285714285714285	0.6071428571428571	nof_Rings,nof_Chirals
0.75	0.6785714285714286	0.7142857142857143	0.6785714285714286	0.6428571428571429	nof_Rings,nof_Atoms
0.75	0.8214285714285714	0.6785714285714286	0.5714285714285714	0.6428571428571429	nof_Rings,PSA/Area
0.6428571428571429	0.8928571428571429	0.6428571428571429	0.6071428571428571	0.7857142857142857	nof_Rings,molArea
0.5714285714285714	0.8214285714285714	0.5	0.75	0.5357142857142857	nof_Rings,molPSA
0.6428571428571429	0.6785714285714286	0.5357142857142857	0.6428571428571429	0.6428571428571429	nof_Rings,molLogS
0.6785714285714286	0.75	0.7142857142857143	0.6785714285714286	0.6428571428571429	nof_Rings,molLogP
0.6428571428571429	0.7857142857142857	0.7142857142857143	0.7142857142857143	0.7142857142857143	nof_Rings,molVolume
0.6071428571428571	0.75	0.5714285714285714	0.6785714285714286	0.6428571428571429	nof_Rings,molWeight
0.6785714285714286	0.6428571428571429	0.42857142857142855	0.35714285714285715	0.6428571428571429	molCharge_total,nof_HBD
0.6071428571428571	0.6785714285714286	0.5357142857142857	0.5	0.6785714285714286	molCharge_total,nof_HBA
0.4642857142857143	0.5357142857142857	0.5	0.42857142857142855	0.4642857142857143	molCharge_total,nof_Chirals
0.6071428571428571	0.7142857142857143	0.6071428571428571	0.6785714285714286	0.6428571428571429	molCharge_total,nof_Atoms
0.8214285714285714	0.7857142857142857	0.7857142857142857	0.7142857142857143	0.6428571428571429	molCharge_total,PSA/Area
0.6428571428571429	0.8928571428571429	0.6071428571428571	0.6785714285714286	0.7857142857142857	molCharge_total,molArea
0.6428571428571429	0.8928571428571429	0.5357142857142857	0.5	0.5357142857142857	molCharge_total,molPSA
0.6785714285714286	0.8214285714285714	0.6428571428571429	0.6428571428571429	0.6071428571428571	molCharge_total,molLogS
0.75	0.8571428571428571	0.6428571428571429	0.6785714285714286	0.6428571428571429	molCharge_total,molLogP
0.6071428571428571	0.75	0.6428571428571429	0.7142857142857143	0.7142857142857143	molCharge_total,molVolume
0.6071428571428571	0.75	0.6785714285714286	0.6428571428571429	0.6428571428571429	molCharge_total,molWeight
0.7142857142857143	0.8214285714285714	0.5357142857142857	0.4642857142857143	0.6785714285714286	nof_HBD,nof_HBA
0.6428571428571429	0.7857142857142857	0.5357142857142857	0.39285714285714285	0.6428571428571429	nof_HBD,nof_Chirals
0.5714285714285714	0.7857142857142857	0.6785714285714286	0.6785714285714286	0.6071428571428571	nof_HBD,nof_Atoms
0.6785714285714286	0.7857142857142857	0.7857142857142857	0.39285714285714285	0.7857142857142857	nof_HBD,PSA/Area
0.6785714285714286	0.8214285714285714	0.7142857142857143	0.7142857142857143	0.7857142857142857	nof_HBD,molArea
0.7142857142857143	0.8571428571428571	0.5	0.35714285714285715	0.5357142857142857	nof_HBD,molPSA
0.7142857142857143	0.8571428571428571	0.6428571428571429	0.6785714285714286	0.6785714285714286	nof_HBD,molLogS
0.75	0.8214285714285714	0.7142857142857143	0.6428571428571429	0.5714285714285714	nof_HBD,molLogP
0.6071428571428571	0.7857142857142857	0.6785714285714286	0.7142857142857143	0.7142857142857143	nof_HBD,molVolume
0.6071428571428571	0.8571428571428571	0.7142857142857143	0.7142857142857143	0.6428571428571429	nof_HBD,molWeight
0.5714285714285714	0.6071428571428571	0.42857142857142855	0.42857142857142855	0.6071428571428571	nof_HBA,nof_Chirals
0.5714285714285714	0.7857142857142857	0.75	0.7142857142857143	0.6428571428571429	nof_HBA,nof_Atoms
0.7857142857142857	0.8928571428571429	0.75	0.6071428571428571	0.8214285714285714	nof_HBA,PSA/Area
0.7142857142857143	0.8928571428571429	0.75	0.7142857142857143	0.7857142857142857	nof_HBA,molArea
0.6785714285714286	0.8214285714285714	0.5357142857142857	0.4642857142857143	0.5357142857142857	nof_HBA,molPSA
0.8214285714285714	0.8571428571428571	0.6785714285714286	0.75	0.7857142857142857	nof_HBA,molLogS
0.8571428571428571	0.9285714285714286	0.6785714285714286	0.6785714285714286	0.8214285714285714	nof_HBA,molLogP
0.6428571428571429	0.8571428571428571	0.7857142857142857	0.6785714285714286	0.7142857142857143	nof_HBA,molVolume
0.6428571428571429	0.7857142857142857	0.7142857142857143	0.7142857142857143	0.6428571428571429	nof_HBA,molWeight
0.5714285714285714	0.7857142857142857	0.6785714285714286	0.6428571428571429	0.5714285714285714	nof_Chirals,nof_Atoms
0.7142857142857143	0.7857142857142857	0.6428571428571429	0.39285714285714285	0.7142857142857143	nof_Chirals,PSA/Area
0.6428571428571429	0.75	0.4642857142857143	0.5	0.7857142857142857	nof_Chirals,molArea
0.6071428571428571	0.75	0.5	0.4642857142857143	0.5357142857142857	nof_Chirals,molPSA
0.6785714285714286	0.7857142857142857	0.4642857142857143	0.6071428571428571	0.6071428571428571	nof_Chirals,molLogS
0.75	0.8928571428571429	0.6071428571428571	0.6428571428571429	0.7142857142857143	nof_Chirals,molLogP
0.6428571428571429	0.8214285714285714	0.4642857142857143	0.5	0.7142857142857143	nof_Chirals,molVolume
0.5714285714285714	0.7142857142857143	0.5	0.39285714285714285	0.6428571428571429	nof_Chirals,molWeight
0.7857142857142857	0.7857142857142857	0.6785714285714286	0.6785714285714286	0.6428571428571429	nof_Atoms,PSA/Area
0.6785714285714286	0.75	0.7142857142857143	0.6071428571428571	0.7857142857142857	nof_Atoms,molArea
0.6071428571428571	0.7857142857142857	0.7142857142857143	0.75	0.6785714285714286	nof_Atoms,molPSA
0.7142857142857143	0.8214285714285714	0.7142857142857143	0.6428571428571429	0.5714285714285714	nof_Atoms,molLogS
0.7142857142857143	0.8214285714285714	0.6785714285714286	0.6785714285714286	0.6428571428571429	nof_Atoms,molLogP
0.6428571428571429	0.6785714285714286	0.6785714285714286	0.5714285714285714	0.7142857142857143	nof_Atoms,molVolume
0.6071428571428571	0.7142857142857143	0.6785714285714286	0.6785714285714286	0.6428571428571429	nof_Atoms,molWeight
0.6785714285714286	0.7857142857142857	0.6428571428571429	0.7142857142857143	0.7857142857142857	PSA/Area,molArea
0.7857142857142857	0.8928571428571429	0.7857142857142857	0.5714285714285714	0.5357142857142857	PSA/Area,molPSA
0.7142857142857143	0.8928571428571429	0.6785714285714286	0.6428571428571429	0.6428571428571429	PSA/Area,molLogS
0.7142857142857143	0.8571428571428571	0.75	0.6785714285714286	0.6428571428571429	PSA/Area,molLogP
0.6428571428571429	0.7142857142857143	0.6428571428571429	0.75	0.7142857142857143	PSA/Area,molVolume
0.6071428571428571	0.7857142857142857	0.7142857142857143	0.75	0.6428571428571429	PSA/Area,molWeight
0.6785714285714286	0.7857142857142857	0.7857142857142857	0.75	0.7142857142857143	molArea,molPSA
0.6428571428571429	0.8214285714285714	0.75	0.6428571428571429	0.7857142857142857	molArea,molLogS
0.8214285714285714	0.8928571428571429	0.6785714285714286	0.7142857142857143	0.7857142857142857	molArea,molLogP
0.6428571428571429	0.7142857142857143	0.7142857142857143	0.6785714285714286	0.7142857142857143	molArea,molVolume
0.6428571428571429	0.75	0.7857142857142857	0.6785714285714286	0.7857142857142857	molArea,molWeight
0.6785714285714286	0.8214285714285714	0.6785714285714286	0.7142857142857143	0.5357142857142857	molPSA,molLogS
0.8214285714285714	0.9285714285714286	0.7142857142857143	0.6785714285714286	0.5	molPSA,molLogP
0.6428571428571429	0.8214285714285714	0.75	0.75	0.7857142857142857	molPSA,molVolume
0.5714285714285714	0.75	0.6785714285714286	0.75	0.75	molPSA,molWeight
0.6785714285714286	0.8571428571428571	0.75	0.6785714285714286	0.6785714285714286	molLogS,molLogP
0.6428571428571429	0.8214285714285714	0.75	0.6428571428571429	0.7142857142857143	molLogS,molVolume
0.6071428571428571	0.7142857142857143	0.75	0.75	0.6428571428571429	molLogS,molWeight
0.7857142857142857	0.8928571428571429	0.7142857142857143	0.6785714285714286	0.7142857142857143	molLogP,molVolume
0.7857142857142857	0.8928571428571429	0.7142857142857143	0.7142857142857143	0.6428571428571429	molLogP,molWeight
0.6428571428571429	0.7142857142857143	0.7857142857142857	0.6428571428571429	0.75	molVolume,molWeight
