Orphenadrine,270.2,2.542,-2.86,11.01,287.5,1,0,0,0,0,0,0,1,0,1,0,20,2,1,1,0,32,0,0,6,6,0,6,23,1,0,7,0,0,12,0,0,0,2,0,0,0,0,0,0,269.3813171,43,23,20,2,18,12,31,43,1,44,12,32,0,2,0,0,0,3.22,48.918239,43,29.039761,300,1556.02,277.3394993,2,0,7,6,0.444444444,9,12.47,5.321928095,96,0.139534884,3.66262,83.97,121.5515289,2,1-Oct







Propafenone,342.2,2.169,-4.31,49.3,351.8,1,0,0,0,0,0,0,1,0,3,0,25,6,3,1,0,40,1,0,6,6,0,11,27,3,0,10,0,0,12,0,0,0,2,0,0,0,0,0,0,341.4440002,52,27,25,4,21,12,40,52,2,53,12,41,0,2,0,0,0,3.33,58.469411,52,33.050589,612,2209.04,344.1714478,3,2,9,9,0.5,13,58.56,5.64385619,116,0.153846154,3.2414,100.198,149.3921396,2,1-Oct



Para-aminohippurate,193.1,0.06299,-1.66,74.11,176.6,0,0,0,0,0,0,0,2,0,3,0,14,8,3,0,1,15,2,0,3,3,0,4,10,2,2,3,0,0,6,0,0,0,1,0,0,0,0,0,0,194.1873016,24,10,14,5,9,6,18,24,0,24,6,18,0,1,0,0,0,1.9,27.11393,24,12.84807,189,394.05,176.1457686,5,3,7,10,0.444444444,6,92.42,4.807354922,64,0.041666667,0.0832,50.8234,80.5332603,1,oat1







Ondansetron,293.2,2.136,-4.005,27.86,302.3,neutral,0,0,0,0,0,0,0,3,1,0,22,5,0,0,0,23,1,0,14,6,0,2,19,1,0,3,0,3,15,0,0,2,2,0,0,0,0,4,3,293.3629761,41,19,22,4,18,14,27,41,1,44,15,29,0,3,1,3,0,3,48.451067,41,27.008933,385,1474.04,261.0836436,4,0,0,11,0.5,4,39.82,5.459431619,124,0.146341463,3.12852,86.0245,128.9383594,4,1-Oct



Nandrolone,274.2,3.331,-3.844,29.52,326.8,neutral,0,0,0,0,0,0,0,0,2,0,20,4,1,0,0,28,2,0,19,0,0,0,26,2,0,1,0,0,17,0,0,1,3,0,0,0,0,6,5,274.3978577,46,26,20,2,18,0,46,46,6,49,0,49,1,0,4,0,0,3.22,50.620618,46,29.381382,336,2021.02,282.7658832,2,1,0,4,0.5,2,37.3,5.321928095,118,0.326086957,3.4891,78.0998,121.1860952,4,1-Oct







Olmesartan,444.2,4.348,-4.912,101.1,448,0,0,0,0,0,0,0,0,6,3,0,33,12,1,0,2,37,3,0,12,8,0,8,25,2,0,8,1,5,16,0,0,2,2,0,0,0,0,0,0,446.5016479,59,26,33,9,24,22,37,59,0,62,22,40,0,4,0,6,0,3.11,68.582618,59,33.341382,808,2788.09,393.9844506,9,3,4,17,0.5,13,129.81,6.044394119,176,0.118644068,3.1747,123.0101,190.6844572,4,oat1















Drug,molWeight,molLogP,molLogS,molPSA,molVolume,charge state,nof_f,nof_cl,nof_br,nof_I,nof_s,nof_p,nof_an,nof_cn,nof_ao,nof_co,nof_hac,nof_hbam,nof_hbdm,nof_posCharge,nof_negCharge,nof_asb,nof_adb,nof_atb,nof_csb,nof_cdb,nof_ctb,nof_rbc,nof_asv,nof_adv,nof_atv,nof_aqv,nof_cdv,nof_ctv,nof_cqv,nof_ring3,nof_ring4,nof_ring5,nof_ring6,nof_ring7,nof_ring8,nof_ring9,nof_ring10,nof_afr,nof_bfr,Molecular weight,Total number of atoms,Number of hydrogens,Number of heavy atoms,Number of heteroatoms,Number of carbons,Number of aromatic atoms,Number of aliphatic atoms,Number of visible atoms,Number of chiral centers,Number of bonds,Number of aromatic bonds,Number of aliphatic bonds,Number of cis/trans bonds,Number of aromatic rings,Number of aliphatic rings,Number of heteroatoms in aromatic rings,Number of heteroatoms in aliphatic rings,Mannhold LogP,Atomic Polarizabilities,Element Count,Bond Polarizabilities,Eccentric Connectivity Index,Fragment Complexity,VABC Volume Descriptor,Hydrogen Bond Acceptors,Hydrogen Bond Donors,Largest Chain,Largest Pi Chain,Petitjean Number,Rotatable Bonds Count,Topological Polar Surface Area,Vertex adjacency information magnitude,Zagreb Index,SP3 Character,SlogP,SMR,LabuteASA,NumRings,class











Novobiocin,611.2,2.57,-6.472,154.4,633.7,0,0,0,0,0,0,0,2,0,9,2,44,24,5,0,1,55,5,0,16,6,0,10,36,8,2,11,2,0,20,0,0,0,4,0,0,0,0,2,1,612.6243286,80,36,44,13,31,12,68,80,4,83,12,71,2,2,2,0,2,3.44,89.586548,80,51.809452,1491,4997.13,563.1911157,10,5,5,23,0.476190476,20,196.1,6.459431619,234,0.15,3.62712,158.921,252.3298197,4,oat1















Prochlorperazine,374.1,4.39,-4.499,8.723,363.7,1,0,1,0,0,1,0,0,3,0,0,25,2,1,1,0,30,0,0,16,6,0,4,25,0,0,4,1,2,17,0,0,0,4,0,0,0,0,4,2,373.9426575,49,24,25,5,20,12,37,49,2,52,12,40,0,2,2,0,4,3.11,59.583032,49,34.876968,544,2104.05,334.1419367,3,0,3,13,0.5,6,35.02,5.64385619,134,0.163265306,4.5802,107.577,159.1022492,4,1-Oct







Prazosin,384.2,1.994,-4.447,81.9,370.8,1,0,0,0,0,0,0,1,4,3,1,28,13,3,1,0,29,1,0,15,7,0,5,21,3,1,3,1,3,17,0,0,1,3,0,0,0,0,2,1,383.4011536,49,21,28,9,19,15,34,49,0,52,16,36,0,3,1,3,2,2.56,56.150653,49,35.603347,705,1948.09,324.10737,6,1,2,14,0.466666667,8,106.95,5.807354922,150,0.12244898,1.7846,103.8789,161.2007213,4,1-Oct



Pentamidine,342.2,2.418,-4.07,92.09,336.1,1,0,0,0,0,0,0,4,0,2,0,25,8,8,2,0,36,2,0,6,6,0,10,24,2,2,9,0,0,12,0,0,0,2,0,0,0,0,0,0,340.4194641,49,24,25,6,19,12,37,49,0,50,12,38,2,2,0,0,0,2.89,55.447032,49,28.748968,730,1900.06,331.1430738,4,4,7,10,0.5,12,118.2,5.64385619,118,0.102040816,2.88284,99.7572,147.320666,2,1-Oct



Propranolol,260.2,1.435,-3.993,34.97,264.3,1,0,0,0,0,0,0,1,0,2,0,19,4,3,1,0,30,0,0,6,5,0,6,21,2,0,7,0,0,10,0,0,0,2,0,0,0,0,2,1,259.3434448,40,21,19,3,16,10,30,40,2,41,11,30,0,2,0,0,0,2.89,44.866653,40,25.533347,345,1339.03,254.1742154,2,2,9,11,0.454545455,9,41.49,5.247927513,92,0.15,2.5775,78.5885,113.7603615,2,1-Oct







Oxprenolol,266.2,0.8254,-2.811,42.75,286.6,1,0,0,0,0,0,0,1,0,3,0,19,6,3,1,0,35,1,0,3,3,0,9,23,3,0,10,0,0,6,0,0,0,1,0,0,0,0,0,0,265.3480225,42,23,19,4,15,6,36,42,2,42,6,36,0,1,0,0,0,2.67,45.242239,42,29.635761,343,1422.04,271.5613749,2,2,9,8,0.5,12,50.72,5.247927513,84,0.166666667,1.9891,76.7745,114.5974655,1,1-Oct











Phenylbutazone,307.1,3.896,-3.695,34.24,330.3,0,0,0,0,0,0,0,0,2,2,0,23,6,0,0,1,25,2,0,11,6,0,5,19,2,0,4,0,3,14,0,0,1,2,0,0,0,0,0,0,308.3742981,43,20,23,4,19,12,31,43,0,45,12,33,0,2,1,0,2,3.11,50.57986,43,26.42014,380,1519.04,296.7930947,4,0,4,18,0.4,6,40.62,5.523561956,118,0.11627907,3.7878,90.871,135.8501085,3,oat1



Pindolol,249.2,0.325,-3.158,45.03,251.5,1,0,0,0,0,0,0,1,1,2,0,18,5,4,1,0,29,0,0,6,4,0,6,20,2,0,7,0,1,8,0,0,1,1,0,0,0,0,2,1,248.3208008,38,20,18,4,14,9,29,38,2,39,10,29,0,2,0,1,0,2.56,41.77986,38,25.10014,308,1215.04,233.2154651,3,3,9,10,0.5,9,57.28,5.169925001,88,0.157894737,1.4237,73.3715,106.9695219,2,1-Oct



Mycophenolic-acid,319.1,2.166,-3.433,74.39,344.7,0,0,0,0,0,0,0,0,0,5,1,23,12,1,0,1,30,3,0,7,3,0,6,20,4,0,9,1,0,8,0,0,1,1,0,0,0,0,2,1,320.3370972,43,20,23,6,17,6,37,43,0,44,6,38,1,1,1,0,1,2.67,48.06786,43,27.61214,424,1430.06,303.8978879,4,2,9,11,0.454545455,11,93.06,5.523561956,116,0.162790698,2.73322,82.8461,133.8889344,2,oat1







Pratosartan,425.2,4.906,-6.448,71.78,448.8,0,0,0,0,0,0,0,0,6,1,0,32,8,0,0,1,32,3,0,18,8,0,6,25,1,0,4,1,5,21,0,0,2,2,1,0,0,0,2,1,426.5135498,58,26,32,7,25,22,36,58,0,62,22,40,0,4,1,6,0,3.44,68.738618,58,33.341382,809,2852.07,381.3435231,7,1,3,17,0.5,7,89.35,6,172,0.137931034,4.1582,122.6915,186.4551007,5,oat1







Quinidine,325.2,1.823,-3.3,35.65,345.7,1,0,0,0,0,0,0,0,2,2,0,24,5,2,1,0,30,1,0,15,5,0,4,24,2,0,4,0,1,17,0,0,0,4,0,0,0,0,6,4,324.4167786,48,24,24,4,20,10,38,48,5,51,11,40,0,2,2,1,1,3.22,55.007032,48,31.452968,483,2049.04,307.005538,3,1,2,11,0.5,6,45.59,5.584962501,132,0.1875,3.1732,95.0268,142.3134262,5,1-Oct















Procainamide,236.2,0.905,-1.269,48.98,255.3,1,0,0,0,0,0,0,3,0,1,0,17,4,4,1,0,31,1,0,3,3,0,7,21,1,2,8,0,0,6,0,0,0,1,0,0,0,0,0,0,235.3253479,38,21,17,4,13,6,32,38,0,38,6,32,0,1,0,0,0,2.45,40.984653,38,25.895347,286,1172.04,241.3824727,4,2,10,10,0.454545455,10,58.36,5.087462841,76,0.157894737,1.3404,70.9756,102.7971066,1,1-Oct







Phencyclidine,244.2,4.253,-3.916,3.236,288,1,0,0,0,0,0,0,0,1,0,0,18,0,1,1,0,27,0,0,15,3,0,2,25,0,0,0,0,0,18,0,0,0,3,0,0,0,0,0,0,243.3871002,43,25,18,1,17,6,37,43,0,45,6,39,0,1,2,0,1,3.22,47.689825,43,29.310175,240,1719.01,257.7062053,1,0,0,6,0.5,2,3.24,5.169925001,94,0.255813953,4.3319,76.629,111.1939377,3,1-Oct











Phenoxybenzamine,303.1,4.302,-4.041,10.65,299.3,neutral,0,1,0,0,0,0,1,0,1,0,21,3,0,0,0,32,0,0,6,6,0,8,23,1,1,6,0,0,12,0,0,0,2,0,0,0,0,0,0,303.8263855,43,22,21,3,18,12,31,43,2,44,12,32,0,2,0,0,0,3.11,50.431446,43,28.366554,406,1516.03,292.550567,1,0,9,7,0.5,10,12.47,5.392317423,98,0.139534884,4.1949,88.971,131.8547951,2,1-Oct



Oxyphenbutazone,323.1,3.637,-3.552,51.85,340.8,0,0,0,0,0,0,0,0,2,3,0,24,8,1,0,1,26,2,0,11,6,0,5,19,3,0,4,0,3,14,0,0,1,2,0,0,0,0,0,0,324.3737183,44,20,24,5,19,12,32,44,1,46,12,34,0,2,1,0,2,3,51.38186,44,26.42014,415,1564.05,305.5833214,4,1,4,19,0.454545455,7,60.85,5.584962501,124,0.113636364,3.4934,92.5358,140.6443423,3,oat1



Nateglinide,316.2,3.681,-4.451,52.88,334.2,0,0,0,0,0,0,0,1,0,3,0,23,7,1,0,1,36,2,0,9,3,0,7,27,2,1,7,0,0,12,0,0,0,2,0,0,0,0,0,0,317.4225769,50,27,23,4,19,6,44,50,3,51,6,45,0,1,1,0,0,3.11,54.949411,50,32.092589,475,2095.04,325.752396,4,2,8,6,0.461538462,10,66.4,5.523561956,112,0.22,3.2609,89.9985,137.8369596,2,oat1



