| nof_Fragments |    nof_RotB   |negCharge/Volume|posCharge/Volume|     C_sp3     |      C_R0     |      C_R1     |      C_R2     |    a_heavy    | nof_negCharge | nof_posCharge |   Complexity  |   nof_Rings   |molCharge_total|    nof_HBD    |    nof_HBA    |  nof_Chirals  |   nof_Atoms   |    PSA/Area   |    molArea    |     molPSA    |    molLogS    |    molLogP    |   molVolume   |   molWeight   |
====================================================================================================================================================================================================================================================================================================================================================================================================================
|      25.0     |      5.0      |      0.0      |      0.0      |      2.0      |      4.0      |      0.0      |      0.0      |      14.0     |      -1.0     |      0.0      |     209.0     |      1.0      |      -1.0     |      2.0      |      5.0      |      0.0      |      25.0     |   0.24280963  |     218.89    |    53.1486    |    -1.01931   |    0.715357   |    185.823    |    193.074    |
|      32.0     |      3.0      |   0.07344166  |      0.0      |      6.0      |      2.0      |      8.0      |      0.0      |      19.0     |      -1.0     |      1.0      |     484.0     |      2.0      |      0.0      |      2.0      |      9.0      |      3.0      |      32.0     |  0.402975799  |    270.314    |     108.93    |    -2.80704   |   -0.157986   |     271.73    |    267.097    |
|      31.0     |      3.0      |      0.0      |      0.0      |      3.0      |      4.0      |      0.0      |      0.0      |      17.0     |      -1.0     |      0.0      |     277.0     |      2.0      |      -1.0     |      1.0      |      4.0      |      1.0      |      31.0     |  0.140786266  |     255.13    |    35.9188    |    -3.64663   |    3.15557    |    224.258    |    230.094    |
|      15.0     |      1.0      |      0.0      |      0.0      |      0.0      |      1.0      |      0.0      |      0.0      |      10.0     |      -1.0     |      0.0      |     133.0     |      1.0      |      -1.0     |      1.0      |      5.0      |      0.0      |      15.0     |  0.318855651  |     141.74    |    45.1946    |    -1.32798   |    1.25618    |    120.519    |    137.024    |
|      28.0     |      2.0      |  0.009711095  |      0.0      |      2.0      |      1.0      |      1.0      |      0.0      |      20.0     |      0.0      |      0.0      |     571.0     |      2.0      |      0.0      |      4.0      |      10.0     |      1.0      |      28.0     |  0.366382148  |    281.059    |    102.975    |    -4.55218   |    0.772575   |     252.54    |    378.902    |
|      45.0     |      12.0     |  0.049262971  |  0.005473663  |      10.0     |      8.0      |      9.0      |      1.0      |      44.0     |      -1.0     |      0.0      |     1250.0    |      5.0      |      -1.0     |      4.0      |      19.0     |      3.0      |      45.0     |  0.299102005  |    610.805    |    182.693    |    -6.57789   |    -0.31936   |    639.673    |    645.142    |
|      36.0     |      4.0      |  0.118536782  |      0.0      |      7.0      |      4.0      |      5.0      |      0.0      |      18.0     |      -1.0     |      0.0      |     494.0     |      2.0      |      -1.0     |      1.0      |      5.0      |      2.0      |      36.0     |   0.14639166  |    288.138    |     42.181    |    -2.25393   |    2.58608    |    254.642    |    246.126    |
|      17.0     |      1.0      |  0.009613443  |      0.0      |      1.0      |      0.0      |      1.0      |      0.0      |      17.0     |      0.0      |      0.0      |     316.0     |      2.0      |      0.0      |      4.0      |      10.0     |      0.0      |      17.0     |  0.434734093  |    239.275    |    104.021    |    -3.22592   |   -0.374064   |    210.356    |    296.964    |
|      19.0     |      5.0      |      0.0      |      0.0      |      4.0      |      4.0      |      0.0      |      0.0      |      19.0     |      -2.0     |      0.0      |     354.0     |      2.0      |      -2.0     |      4.0      |      8.0      |      1.0      |      19.0     |  0.383863232  |    274.392    |    105.329    |     -1.764    |    -2.96911   |    227.531    |    287.078    |
|      21.0     |      3.0      |      0.0      |      0.0      |      1.0      |      3.0      |      0.0      |      0.0      |      13.0     |      -1.0     |      0.0      |     212.0     |      1.0      |      -1.0     |      1.0      |      6.0      |      0.0      |      21.0     |  0.260012085  |    190.315    |    49.4842    |    -1.65193   |     1.1816    |    168.038    |    180.042    |
|      30.0     |      5.0      |      0.0      |      0.0      |      3.0      |      3.0      |      0.0      |      0.0      |      18.0     |      -2.0     |      0.0      |     327.0     |      2.0      |      -2.0     |      4.0      |      8.0      |      0.0      |      30.0     |  0.417869335  |     254.85    |    106.494    |    -1.01282   |    -3.38471   |    211.508    |    273.063    |
|      28.0     |      2.0      |  0.121434567  |      0.0      |      4.0      |      2.0      |      8.0      |      0.0      |      16.0     |      0.0      |      0.0      |     388.0     |      2.0      |      0.0      |      2.0      |      6.0      |      2.0      |      28.0     |  0.274504256  |    239.993    |    65.8791    |    -1.79637   |   -0.734363   |     254.25    |     224.08    |
|      41.0     |      4.0      |  0.009716757  |      0.0      |      3.0      |      2.0      |      1.0      |      0.0      |      27.0     |      0.0      |      0.0      |     740.0     |      3.0      |      0.0      |      4.0      |      10.0     |      1.0      |      41.0     |  0.291076373  |    353.567    |    102.915    |    -4.66218   |    2.15131    |    317.663    |    421.038    |
|      47.0     |      9.0      |   0.03583356  |  0.007166712  |      6.0      |      7.0      |      5.0      |      1.0      |      30.0     |      -1.0     |      0.0      |     833.0     |      3.0      |      -1.0     |      4.0      |      14.0     |      2.0      |      47.0     |  0.328590537  |    424.644    |    139.534    |    -4.13379   |   -0.115239   |    439.584    |    455.057    |
|      41.0     |      5.0      |  0.057295591  |  0.014323898  |      7.0      |      5.0      |      4.0      |      1.0      |      23.0     |      -1.0     |      0.0      |     530.0     |      3.0      |      -1.0     |      2.0      |      8.0      |      3.0      |      41.0     |  0.200964328  |    347.392    |    69.8134    |    -2.61468   |    2.54711    |    339.557    |    334.099    |
|      38.0     |      6.0      |  0.042413138  |  0.008482628  |      4.0      |      4.0      |      5.0      |      1.0      |      25.0     |      -1.0     |      0.0      |     669.0     |      3.0      |      -1.0     |      4.0      |      11.0     |      2.0      |      38.0     |  0.338576684  |    348.187    |    117.888    |    -3.75558   |    0.114936   |    363.064    |    383.036    |
|      80.0     |      10.0     |  0.051814143  |      0.0      |      12.0     |      11.0     |      8.0      |      0.0      |      44.0     |      -2.0     |      0.0      |     1150.0    |      4.0      |      -2.0     |      6.0      |      14.0     |      4.0      |      80.0     |  0.243878091  |    633.095    |    154.398    |    -6.47166   |    2.49889    |    635.464    |    612.232    |
|      43.0     |      5.0      |  0.087628851  |      0.0      |      5.0      |      4.0      |      3.0      |      0.0      |      23.0     |      -1.0     |      0.0      |     389.0     |      3.0      |      -1.0     |      0.0      |      4.0      |      0.0      |      43.0     |   0.09936899  |    344.527    |    34.2353    |    -3.69545   |    3.99071    |    322.967    |    308.152    |
|      43.0     |      6.0      |  0.026885009  |      0.0      |      7.0      |      9.0      |      2.0      |      0.0      |      23.0     |      -1.0     |      0.0      |     486.0     |      2.0      |      -1.0     |      2.0      |      8.0      |      0.0      |      43.0     |  0.215329952  |    345.474    |    74.3909    |    -3.43291   |    2.09457    |    343.548    |    320.126    |
|      53.0     |      8.0      |      0.0      |      0.0      |      6.0      |      6.0      |      0.0      |      0.0      |      30.0     |      -1.0     |      0.0      |     520.0     |      4.0      |      -1.0     |      2.0      |      5.0      |      0.0      |      53.0     |  0.175529489  |    448.687    |    78.7578    |    -6.44764   |     4.8734    |    392.804    |    422.162    |
|      59.0     |      8.0      |      0.0      |      0.0      |      7.0      |      8.0      |      0.0      |      0.0      |      33.0     |      -2.0     |      0.0      |     656.0     |      4.0      |      -2.0     |      3.0      |      8.0      |      0.0      |      59.0     |  0.222031971  |     474.81    |    105.423    |    -5.17769   |    4.31897    |    432.381    |    446.207    |
|      61.0     |      11.0     |      0.0      |      0.0      |      9.0      |      11.0     |      0.0      |      0.0      |      32.0     |      -2.0     |      0.0      |     608.0     |      3.0      |      -2.0     |      2.0      |      8.0      |      1.0      |      61.0     |  0.190633908  |    490.087    |    93.4272    |    -5.79391   |    5.02817    |    427.718    |    435.227    |
|      53.0     |      7.0      |      0.0      |      0.0      |      3.0      |      4.0      |      0.0      |      0.0      |      33.0     |      -2.0     |      0.0      |     660.0     |      5.0      |      -2.0     |      2.0      |      8.0      |      0.0      |      53.0     |  0.216571461  |     441.5     |    95.6163    |    -6.63067   |     5.2218    |    404.725    |     440.16    |
|      31.0     |      6.0      |      0.0      |      0.0      |      3.0      |      7.0      |      0.0      |      0.0      |      19.0     |      -1.0     |      0.0      |     370.0     |      1.0      |      -1.0     |      1.0      |      6.0      |      0.0      |      31.0     |  0.166558621  |    299.874    |    49.9466    |    -3.71515   |    3.22154    |    280.171    |    302.011    |
|      14.0     |      0.0      |  0.044328304  |      0.0      |      0.0      |      0.0      |      2.0      |      0.0      |      10.0     |      0.0      |      1.0      |     190.0     |      2.0      |      1.0      |      2.0      |      4.0      |      0.0      |      14.0     |  0.317973529  |    141.892    |    45.1179    |    -2.60213   |   -0.235168   |    138.206    |    152.016    |
|      71.0     |      14.0     |      0.0      |      0.0      |      14.0     |      15.0     |      0.0      |      0.0      |      33.0     |      0.0      |      1.0      |     606.0     |      2.0      |      1.0      |      0.0      |      6.0      |      1.0      |      71.0     |  0.093872507  |    549.866    |    51.6173    |    -4.98191   |    5.27969    |    514.207    |    454.283    |
|      58.0     |      6.0      |  0.065671783  |      0.0      |      8.0      |      4.0      |      5.0      |      0.0      |      32.0     |      -1.0     |      0.0      |     624.0     |      5.0      |      -1.0     |      1.0      |      6.0      |      0.0      |      58.0     |  0.161859328  |    470.385    |    76.1362    |    -6.71307   |    4.94765    |    434.885    |    426.217    |